asc_car = -0.23757284960890038
b_time = -0.05310981573115624
